{
 "cells": [
  {
   "cell_type": "code",
   "execution_count": 1,
   "metadata": {},
   "outputs": [
    {
     "name": "stdout",
     "output_type": "stream",
     "text": [
      "   action_accuracy  action_perplexity  attribute_accuracy  \\\n",
      "0         0.840467           4.647734            0.760981   \n",
      "0         0.844543           4.939461            0.763818   \n",
      "0         0.851399           3.448803            0.776654   \n",
      "0         0.845655           4.842728            0.771190   \n",
      "0         0.841949           4.911037            0.757051   \n",
      "\n",
      "                                    confusion_matrix  params.batch  \\\n",
      "0  [[751.0, 53.0, 9.0, 7.0, 18.0], [23.0, 1084.0,...            12   \n",
      "0  [[749.0, 46.0, 12.0, 10.0, 13.0], [26.0, 1081....            12   \n",
      "0  [[746.0, 49.0, 10.0, 4.0, 11.0], [27.0, 1084.0...            12   \n",
      "0  [[742.0, 45.0, 13.0, 13.0, 15.0], [29.0, 1086....            12   \n",
      "0  [[750.0, 45.0, 16.0, 11.0, 12.0], [21.0, 1089....            12   \n",
      "\n",
      "   params.epochs  params.hidden_output_dim  params.seed  params.learning_rate  \\\n",
      "0             10                       256      9555209               0.00005   \n",
      "0             10                       256       971371               0.00005   \n",
      "0             10                       256      8287925               0.00005   \n",
      "0             10                       256      2213980               0.00005   \n",
      "0             10                       256      1298636               0.00005   \n",
      "\n",
      "   params.tolerance                                   category  \\\n",
      "0      1.000000e-08  B12-E10-H256-LR5e-05-eps1e-08-ACT-sigmoid   \n",
      "0      1.000000e-08  B12-E10-H256-LR5e-05-eps1e-08-ACT-sigmoid   \n",
      "0      1.000000e-08  B12-E10-H256-LR5e-05-eps1e-08-ACT-sigmoid   \n",
      "0      1.000000e-08  B12-E10-H256-LR5e-05-eps1e-08-ACT-sigmoid   \n",
      "0      1.000000e-08  B12-E10-H256-LR5e-05-eps1e-08-ACT-sigmoid   \n",
      "\n",
      "               filename params.action_activation  \n",
      "0  eval-20210815-142648                      NaN  \n",
      "0  eval-20210815-160400                      NaN  \n",
      "0  eval-20210815-174729                      NaN  \n",
      "0  eval-20210815-205317                      NaN  \n",
      "0  eval-20210815-222849                      NaN  \n",
      "(62, 13)\n"
     ]
    }
   ],
   "source": [
    "from pathlib import Path\n",
    "import pandas as pd\n",
    "import numpy as np\n",
    "curdir = Path('./statoutput')\n",
    "\n",
    "# Dati relativi alla validazione sul TEST SET\n",
    "test_validation_data = pd.DataFrame()\n",
    "for f in curdir.glob('eval*'):\n",
    "    filename = f.name\n",
    "    df = pd.read_pickle(f)\n",
    "    actfunc = df.get('params.action_activation', ['sigmoid'])\n",
    "    df['category'] = f\"B{df.at[0, 'params.batch']}-E{df.at[0, 'params.epochs']}-H{df.at[0, 'params.hidden_output_dim']}\\\n",
    "-LR{df.at[0, 'params.learning_rate']}-eps{df.at[0, 'params.tolerance']}-ACT-{actfunc[0]}\"\n",
    "    df['filename'] = filename\n",
    "    test_validation_data = pd.concat([test_validation_data, df])\n",
    "print(test_validation_data.head())\n",
    "print(test_validation_data.shape)"
   ]
  },
  {
   "cell_type": "code",
   "execution_count": 2,
   "metadata": {},
   "outputs": [
    {
     "name": "stdout",
     "output_type": "stream",
     "text": [
      "       Training Loss  Valid. Loss  Valid. Accur. class.  \\\n",
      "epoch                                                     \n",
      "1           1.133720     1.064887              0.845147   \n",
      "2           1.070569     1.071257              0.840307   \n",
      "3           1.054355     1.063280              0.845147   \n",
      "4           1.045294     1.057506              0.849986   \n",
      "5           1.038272     1.064757              0.841731   \n",
      "\n",
      "       Valid. Accur. mult.label Training Time Validation Time  \\\n",
      "epoch                                                           \n",
      "1                      0.895531       0:08:33         0:00:28   \n",
      "2                      0.906633       0:08:37         0:00:27   \n",
      "3                      0.920011       0:08:34         0:00:28   \n",
      "4                      0.921719       0:08:34         0:00:27   \n",
      "5                      0.932252       0:08:34         0:00:27   \n",
      "\n",
      "                                                 metrics  \\\n",
      "epoch                                                      \n",
      "1      {'action_accuracy': 0.8451465983489894, 'actio...   \n",
      "2      {'action_accuracy': 0.8403074295473953, 'actio...   \n",
      "3      {'action_accuracy': 0.8451465983489894, 'actio...   \n",
      "4      {'action_accuracy': 0.8499857671505835, 'actio...   \n",
      "5      {'action_accuracy': 0.8417307144890407, 'actio...   \n",
      "\n",
      "                    filename  \n",
      "epoch                         \n",
      "1      stats-20210815-142648  \n",
      "2      stats-20210815-142648  \n",
      "3      stats-20210815-142648  \n",
      "4      stats-20210815-142648  \n",
      "5      stats-20210815-142648  \n",
      "(388, 8)\n"
     ]
    }
   ],
   "source": [
    "# Dati relativi al training\n",
    "training_stat = pd.DataFrame()\n",
    "for f in curdir.glob('stats*'):\n",
    "    filename = f.name\n",
    "    df = pd.read_pickle(f)\n",
    "    df['filename'] = filename\n",
    "    training_stat = pd.concat([training_stat, df])\n",
    "print(training_stat.head())\n",
    "print(training_stat.shape)"
   ]
  },
  {
   "cell_type": "code",
   "execution_count": 3,
   "metadata": {},
   "outputs": [
    {
     "name": "stdout",
     "output_type": "stream",
     "text": [
      "   epoch  batchnum                                     actions_logits  \\\n",
      "0      1         1  [[0.0019575807, 0.999814, 0.032683127, 0.00012...   \n",
      "1      1         2  [[0.0053882618, 0.99983025, 0.0013555333, 7.51...   \n",
      "2      1         3  [[0.00012037317, 0.104540944, 0.00040491569, 4...   \n",
      "3      1         4  [[0.99979585, 0.0031116211, 0.0006431524, 0.00...   \n",
      "4      1         5  [[0.000258303, 0.0029567834, 0.00024493987, 8....   \n",
      "\n",
      "                         actions_labels  \\\n",
      "0  [1, 4, 2, 4, 0, 1, 1, 4, 4, 0, 1, 2]   \n",
      "1  [1, 4, 2, 2, 0, 1, 2, 1, 1, 1, 1, 4]   \n",
      "2  [4, 1, 1, 1, 4, 2, 1, 2, 0, 1, 1, 1]   \n",
      "3  [0, 0, 1, 2, 0, 1, 4, 4, 0, 1, 1, 4]   \n",
      "4  [1, 4, 2, 4, 0, 3, 1, 1, 2, 4, 1, 1]   \n",
      "\n",
      "                                   attributes_logits  \\\n",
      "0  [[0.00076702854, 0.00038751052, 0.002548172, 0...   \n",
      "1  [[0.00046720172, 0.00035514444, 0.002924776, 0...   \n",
      "2  [[0.00017693061, 8.77947e-05, 0.66826177, 0.00...   \n",
      "3  [[0.00068153336, 0.00036622016, 0.0043590157, ...   \n",
      "4  [[0.0002490209, 0.00027154916, 0.019210862, 0....   \n",
      "\n",
      "                                   attributes_labels  \\\n",
      "0  [[0, 0, 0, 0, 0, 0, 0, 0, 0, 0, 0, 0, 0, 0, 0,...   \n",
      "1  [[0, 0, 0, 0, 0, 0, 0, 0, 0, 0, 0, 0, 0, 0, 0,...   \n",
      "2  [[0, 0, 1, 0, 0, 0, 0, 0, 0, 0, 0, 0, 0, 0, 0,...   \n",
      "3  [[0, 0, 0, 0, 0, 0, 0, 0, 0, 0, 0, 0, 0, 0, 0,...   \n",
      "4  [[0, 0, 0, 0, 0, 0, 0, 0, 0, 0, 0, 0, 0, 0, 0,...   \n",
      "\n",
      "         accuracy_classification            accuracy_multilabel  \\\n",
      "0  {'matched': 10, 'counts': 12}  {'matched': 11, 'counts': 12}   \n",
      "1  {'matched': 10, 'counts': 12}  {'matched': 11, 'counts': 12}   \n",
      "2   {'matched': 9, 'counts': 12}  {'matched': 11, 'counts': 12}   \n",
      "3   {'matched': 8, 'counts': 12}  {'matched': 10, 'counts': 12}   \n",
      "4   {'matched': 9, 'counts': 12}  {'matched': 11, 'counts': 12}   \n",
      "\n",
      "                   filename  \n",
      "0  testdata-20210815-142648  \n",
      "1  testdata-20210815-142648  \n",
      "2  testdata-20210815-142648  \n",
      "3  testdata-20210815-142648  \n",
      "4  testdata-20210815-142648  \n",
      "(113684, 9)\n"
     ]
    }
   ],
   "source": [
    "# Dati relativi alla validazione durante il training\n",
    "validation_data = pd.DataFrame()\n",
    "for f in curdir.glob('testdata*'):\n",
    "    filename = f.name\n",
    "    df = pd.read_pickle(f)\n",
    "    df['filename'] = filename\n",
    "    validation_data = pd.concat([validation_data, df])\n",
    "print(validation_data.head())\n",
    "print(validation_data.shape)"
   ]
  },
  {
   "cell_type": "code",
   "execution_count": 4,
   "metadata": {},
   "outputs": [
    {
     "name": "stdout",
     "output_type": "stream",
     "text": [
      "(20, 13)\n",
      "MAX action accuracy: 0.8525106540670743, MAX attribute accuracy: 0.7966960620999017\n",
      "   action_accuracy  action_perplexity  attribute_accuracy  \\\n",
      "0         0.852511           5.724079            0.793967   \n",
      "0         0.845840           6.961841            0.788030   \n",
      "0         0.850287           5.733896            0.791629   \n",
      "0         0.847878           6.672284            0.783820   \n",
      "0         0.847878           6.382444            0.784706   \n",
      "0         0.846211           6.009374            0.783062   \n",
      "0         0.849175           6.044589            0.783724   \n",
      "0         0.852325           5.658315            0.794652   \n",
      "0         0.848805           6.511304            0.785019   \n",
      "0         0.851399           6.301615            0.796696   \n",
      "0         0.850287           6.505223            0.791907   \n",
      "0         0.850843           6.428665            0.783429   \n",
      "0         0.847693           6.400397            0.780866   \n",
      "0         0.849731           6.464630            0.789666   \n",
      "0         0.848620           5.983274            0.789754   \n",
      "0         0.848434           6.996586            0.781969   \n",
      "0         0.847693           6.308581            0.789616   \n",
      "0         0.848990           6.052891            0.790179   \n",
      "0         0.850287           6.132042            0.793463   \n",
      "0         0.842320           6.776345            0.781370   \n",
      "\n",
      "                                    confusion_matrix  params.batch  \\\n",
      "0  [[745.0, 47.0, 8.0, 5.0, 11.0], [27.0, 1042.0,...            12   \n",
      "0  [[745.0, 49.0, 7.0, 4.0, 12.0], [27.0, 1035.0,...            12   \n",
      "0  [[733.0, 46.0, 6.0, 4.0, 15.0], [41.0, 1040.0,...            12   \n",
      "0  [[749.0, 50.0, 11.0, 4.0, 11.0], [25.0, 1053.0...            12   \n",
      "0  [[740.0, 43.0, 8.0, 3.0, 10.0], [31.0, 1050.0,...            12   \n",
      "0  [[737.0, 45.0, 7.0, 4.0, 11.0], [35.0, 1050.0,...            12   \n",
      "0  [[740.0, 45.0, 9.0, 4.0, 12.0], [33.0, 1044.0,...            12   \n",
      "0  [[745.0, 44.0, 9.0, 4.0, 11.0], [22.0, 1036.0,...            12   \n",
      "0  [[735.0, 42.0, 10.0, 3.0, 13.0], [38.0, 1048.0...            12   \n",
      "0  [[745.0, 48.0, 7.0, 3.0, 9.0], [27.0, 1041.0, ...            12   \n",
      "0  [[746.0, 50.0, 12.0, 4.0, 15.0], [25.0, 1045.0...            12   \n",
      "0  [[745.0, 39.0, 9.0, 3.0, 11.0], [29.0, 1054.0,...            12   \n",
      "0  [[749.0, 51.0, 9.0, 6.0, 15.0], [27.0, 1044.0,...            12   \n",
      "0  [[745.0, 43.0, 10.0, 6.0, 12.0], [28.0, 1039.0...            12   \n",
      "0  [[750.0, 40.0, 13.0, 4.0, 16.0], [25.0, 1039.0...            12   \n",
      "0  [[748.0, 48.0, 9.0, 4.0, 13.0], [31.0, 1056.0,...            12   \n",
      "0  [[737.0, 44.0, 8.0, 4.0, 15.0], [39.0, 1041.0,...            12   \n",
      "0  [[748.0, 55.0, 12.0, 4.0, 8.0], [22.0, 1033.0,...            12   \n",
      "0  [[744.0, 43.0, 7.0, 2.0, 12.0], [32.0, 1048.0,...            12   \n",
      "0  [[729.0, 48.0, 11.0, 2.0, 11.0], [41.0, 1045.0...            12   \n",
      "\n",
      "   params.epochs  params.hidden_output_dim  params.seed  params.learning_rate  \\\n",
      "0              6                       768      8903895               0.00005   \n",
      "0              6                       768      3604845               0.00005   \n",
      "0              6                       768      1264540               0.00005   \n",
      "0              6                       768      1211426               0.00005   \n",
      "0              6                       768       484662               0.00005   \n",
      "0              6                       768       463952               0.00005   \n",
      "0              6                       768      6561746               0.00005   \n",
      "0              6                       768      4837032               0.00005   \n",
      "0              6                       768      3143313               0.00005   \n",
      "0              6                       768      2647255               0.00005   \n",
      "0              6                       768      7862517               0.00005   \n",
      "0              6                       768       981370               0.00005   \n",
      "0              6                       768      9645179               0.00005   \n",
      "0              6                       768      9584284               0.00005   \n",
      "0              6                       768      7087867               0.00005   \n",
      "0              6                       768      5087308               0.00005   \n",
      "0              6                       768      3251388               0.00005   \n",
      "0              6                       768      6645882               0.00005   \n",
      "0              6                       768      6297287               0.00005   \n",
      "0              6                       768      3256586               0.00005   \n",
      "\n",
      "   params.tolerance                                  category  \\\n",
      "0      1.000000e-08  B12-E6-H768-LR5e-05-eps1e-08-ACT-softmax   \n",
      "0      1.000000e-08  B12-E6-H768-LR5e-05-eps1e-08-ACT-softmax   \n",
      "0      1.000000e-08  B12-E6-H768-LR5e-05-eps1e-08-ACT-softmax   \n",
      "0      1.000000e-08  B12-E6-H768-LR5e-05-eps1e-08-ACT-softmax   \n",
      "0      1.000000e-08  B12-E6-H768-LR5e-05-eps1e-08-ACT-softmax   \n",
      "0      1.000000e-08  B12-E6-H768-LR5e-05-eps1e-08-ACT-softmax   \n",
      "0      1.000000e-08  B12-E6-H768-LR5e-05-eps1e-08-ACT-softmax   \n",
      "0      1.000000e-08  B12-E6-H768-LR5e-05-eps1e-08-ACT-softmax   \n",
      "0      1.000000e-08  B12-E6-H768-LR5e-05-eps1e-08-ACT-softmax   \n",
      "0      1.000000e-08  B12-E6-H768-LR5e-05-eps1e-08-ACT-softmax   \n",
      "0      1.000000e-08  B12-E6-H768-LR5e-05-eps1e-08-ACT-softmax   \n",
      "0      1.000000e-08  B12-E6-H768-LR5e-05-eps1e-08-ACT-softmax   \n",
      "0      1.000000e-08  B12-E6-H768-LR5e-05-eps1e-08-ACT-softmax   \n",
      "0      1.000000e-08  B12-E6-H768-LR5e-05-eps1e-08-ACT-softmax   \n",
      "0      1.000000e-08  B12-E6-H768-LR5e-05-eps1e-08-ACT-softmax   \n",
      "0      1.000000e-08  B12-E6-H768-LR5e-05-eps1e-08-ACT-softmax   \n",
      "0      1.000000e-08  B12-E6-H768-LR5e-05-eps1e-08-ACT-softmax   \n",
      "0      1.000000e-08  B12-E6-H768-LR5e-05-eps1e-08-ACT-softmax   \n",
      "0      1.000000e-08  B12-E6-H768-LR5e-05-eps1e-08-ACT-softmax   \n",
      "0      1.000000e-08  B12-E6-H768-LR5e-05-eps1e-08-ACT-softmax   \n",
      "\n",
      "               filename params.action_activation  \n",
      "0  eval-20210820-130816                  softmax  \n",
      "0  eval-20210820-140828                  softmax  \n",
      "0  eval-20210820-151641                  softmax  \n",
      "0  eval-20210820-163154                  softmax  \n",
      "0  eval-20210820-173058                  softmax  \n",
      "0  eval-20210820-190623                  softmax  \n",
      "0  eval-20210820-200251                  softmax  \n",
      "0  eval-20210820-210814                  softmax  \n",
      "0  eval-20210820-222121                  softmax  \n",
      "0  eval-20210820-231757                  softmax  \n",
      "0  eval-20210822-191719                  softmax  \n",
      "0  eval-20210826-113935                  softmax  \n",
      "0  eval-20210826-124332                  softmax  \n",
      "0  eval-20210826-134412                  softmax  \n",
      "0  eval-20210826-144226                  softmax  \n",
      "0  eval-20210826-154008                  softmax  \n",
      "0  eval-20210826-163649                  softmax  \n",
      "0  eval-20210826-173704                  softmax  \n",
      "0  eval-20210826-183332                  softmax  \n",
      "0  eval-20210826-192916                  softmax  \n",
      "Äction accuracy order\n",
      "   action_accuracy  action_perplexity  attribute_accuracy  \\\n",
      "0         0.842320           6.776345            0.781370   \n",
      "0         0.845840           6.961841            0.788030   \n",
      "0         0.846211           6.009374            0.783062   \n",
      "0         0.847693           6.400397            0.780866   \n",
      "0         0.847693           6.308581            0.789616   \n",
      "0         0.847878           6.672284            0.783820   \n",
      "0         0.847878           6.382444            0.784706   \n",
      "0         0.848434           6.996586            0.781969   \n",
      "0         0.848620           5.983274            0.789754   \n",
      "0         0.848805           6.511304            0.785019   \n",
      "0         0.848990           6.052891            0.790179   \n",
      "0         0.849175           6.044589            0.783724   \n",
      "0         0.849731           6.464630            0.789666   \n",
      "0         0.850287           6.132042            0.793463   \n",
      "0         0.850287           6.505223            0.791907   \n",
      "0         0.850287           5.733896            0.791629   \n",
      "0         0.850843           6.428665            0.783429   \n",
      "0         0.851399           6.301615            0.796696   \n",
      "0         0.852325           5.658315            0.794652   \n",
      "0         0.852511           5.724079            0.793967   \n",
      "\n",
      "                                    confusion_matrix  params.batch  \\\n",
      "0  [[729.0, 48.0, 11.0, 2.0, 11.0], [41.0, 1045.0...            12   \n",
      "0  [[745.0, 49.0, 7.0, 4.0, 12.0], [27.0, 1035.0,...            12   \n",
      "0  [[737.0, 45.0, 7.0, 4.0, 11.0], [35.0, 1050.0,...            12   \n",
      "0  [[749.0, 51.0, 9.0, 6.0, 15.0], [27.0, 1044.0,...            12   \n",
      "0  [[737.0, 44.0, 8.0, 4.0, 15.0], [39.0, 1041.0,...            12   \n",
      "0  [[749.0, 50.0, 11.0, 4.0, 11.0], [25.0, 1053.0...            12   \n",
      "0  [[740.0, 43.0, 8.0, 3.0, 10.0], [31.0, 1050.0,...            12   \n",
      "0  [[748.0, 48.0, 9.0, 4.0, 13.0], [31.0, 1056.0,...            12   \n",
      "0  [[750.0, 40.0, 13.0, 4.0, 16.0], [25.0, 1039.0...            12   \n",
      "0  [[735.0, 42.0, 10.0, 3.0, 13.0], [38.0, 1048.0...            12   \n",
      "0  [[748.0, 55.0, 12.0, 4.0, 8.0], [22.0, 1033.0,...            12   \n",
      "0  [[740.0, 45.0, 9.0, 4.0, 12.0], [33.0, 1044.0,...            12   \n",
      "0  [[745.0, 43.0, 10.0, 6.0, 12.0], [28.0, 1039.0...            12   \n",
      "0  [[744.0, 43.0, 7.0, 2.0, 12.0], [32.0, 1048.0,...            12   \n",
      "0  [[746.0, 50.0, 12.0, 4.0, 15.0], [25.0, 1045.0...            12   \n",
      "0  [[733.0, 46.0, 6.0, 4.0, 15.0], [41.0, 1040.0,...            12   \n",
      "0  [[745.0, 39.0, 9.0, 3.0, 11.0], [29.0, 1054.0,...            12   \n",
      "0  [[745.0, 48.0, 7.0, 3.0, 9.0], [27.0, 1041.0, ...            12   \n",
      "0  [[745.0, 44.0, 9.0, 4.0, 11.0], [22.0, 1036.0,...            12   \n",
      "0  [[745.0, 47.0, 8.0, 5.0, 11.0], [27.0, 1042.0,...            12   \n",
      "\n",
      "   params.epochs  params.hidden_output_dim  params.seed  params.learning_rate  \\\n",
      "0              6                       768      3256586               0.00005   \n",
      "0              6                       768      3604845               0.00005   \n",
      "0              6                       768       463952               0.00005   \n",
      "0              6                       768      9645179               0.00005   \n",
      "0              6                       768      3251388               0.00005   \n",
      "0              6                       768      1211426               0.00005   \n",
      "0              6                       768       484662               0.00005   \n",
      "0              6                       768      5087308               0.00005   \n",
      "0              6                       768      7087867               0.00005   \n",
      "0              6                       768      3143313               0.00005   \n",
      "0              6                       768      6645882               0.00005   \n",
      "0              6                       768      6561746               0.00005   \n",
      "0              6                       768      9584284               0.00005   \n",
      "0              6                       768      6297287               0.00005   \n",
      "0              6                       768      7862517               0.00005   \n",
      "0              6                       768      1264540               0.00005   \n",
      "0              6                       768       981370               0.00005   \n",
      "0              6                       768      2647255               0.00005   \n",
      "0              6                       768      4837032               0.00005   \n",
      "0              6                       768      8903895               0.00005   \n",
      "\n",
      "   params.tolerance                                  category  \\\n",
      "0      1.000000e-08  B12-E6-H768-LR5e-05-eps1e-08-ACT-softmax   \n",
      "0      1.000000e-08  B12-E6-H768-LR5e-05-eps1e-08-ACT-softmax   \n",
      "0      1.000000e-08  B12-E6-H768-LR5e-05-eps1e-08-ACT-softmax   \n",
      "0      1.000000e-08  B12-E6-H768-LR5e-05-eps1e-08-ACT-softmax   \n",
      "0      1.000000e-08  B12-E6-H768-LR5e-05-eps1e-08-ACT-softmax   \n",
      "0      1.000000e-08  B12-E6-H768-LR5e-05-eps1e-08-ACT-softmax   \n",
      "0      1.000000e-08  B12-E6-H768-LR5e-05-eps1e-08-ACT-softmax   \n",
      "0      1.000000e-08  B12-E6-H768-LR5e-05-eps1e-08-ACT-softmax   \n",
      "0      1.000000e-08  B12-E6-H768-LR5e-05-eps1e-08-ACT-softmax   \n",
      "0      1.000000e-08  B12-E6-H768-LR5e-05-eps1e-08-ACT-softmax   \n",
      "0      1.000000e-08  B12-E6-H768-LR5e-05-eps1e-08-ACT-softmax   \n",
      "0      1.000000e-08  B12-E6-H768-LR5e-05-eps1e-08-ACT-softmax   \n",
      "0      1.000000e-08  B12-E6-H768-LR5e-05-eps1e-08-ACT-softmax   \n",
      "0      1.000000e-08  B12-E6-H768-LR5e-05-eps1e-08-ACT-softmax   \n",
      "0      1.000000e-08  B12-E6-H768-LR5e-05-eps1e-08-ACT-softmax   \n",
      "0      1.000000e-08  B12-E6-H768-LR5e-05-eps1e-08-ACT-softmax   \n",
      "0      1.000000e-08  B12-E6-H768-LR5e-05-eps1e-08-ACT-softmax   \n",
      "0      1.000000e-08  B12-E6-H768-LR5e-05-eps1e-08-ACT-softmax   \n",
      "0      1.000000e-08  B12-E6-H768-LR5e-05-eps1e-08-ACT-softmax   \n",
      "0      1.000000e-08  B12-E6-H768-LR5e-05-eps1e-08-ACT-softmax   \n",
      "\n",
      "               filename params.action_activation  \n",
      "0  eval-20210826-192916                  softmax  \n",
      "0  eval-20210820-140828                  softmax  \n",
      "0  eval-20210820-190623                  softmax  \n",
      "0  eval-20210826-124332                  softmax  \n",
      "0  eval-20210826-163649                  softmax  \n",
      "0  eval-20210820-163154                  softmax  \n",
      "0  eval-20210820-173058                  softmax  \n",
      "0  eval-20210826-154008                  softmax  \n",
      "0  eval-20210826-144226                  softmax  \n",
      "0  eval-20210820-222121                  softmax  \n",
      "0  eval-20210826-173704                  softmax  \n",
      "0  eval-20210820-200251                  softmax  \n",
      "0  eval-20210826-134412                  softmax  \n",
      "0  eval-20210826-183332                  softmax  \n",
      "0  eval-20210822-191719                  softmax  \n",
      "0  eval-20210820-151641                  softmax  \n",
      "0  eval-20210826-113935                  softmax  \n",
      "0  eval-20210820-231757                  softmax  \n",
      "0  eval-20210820-210814                  softmax  \n",
      "0  eval-20210820-130816                  softmax  \n",
      "Ättribute accuracy order\n",
      "   action_accuracy  action_perplexity  attribute_accuracy  \\\n",
      "0         0.847693           6.400397            0.780866   \n",
      "0         0.842320           6.776345            0.781370   \n",
      "0         0.848434           6.996586            0.781969   \n",
      "0         0.846211           6.009374            0.783062   \n",
      "0         0.850843           6.428665            0.783429   \n",
      "0         0.849175           6.044589            0.783724   \n",
      "0         0.847878           6.672284            0.783820   \n",
      "0         0.847878           6.382444            0.784706   \n",
      "0         0.848805           6.511304            0.785019   \n",
      "0         0.845840           6.961841            0.788030   \n",
      "0         0.847693           6.308581            0.789616   \n",
      "0         0.849731           6.464630            0.789666   \n",
      "0         0.848620           5.983274            0.789754   \n",
      "0         0.848990           6.052891            0.790179   \n",
      "0         0.850287           5.733896            0.791629   \n",
      "0         0.850287           6.505223            0.791907   \n",
      "0         0.850287           6.132042            0.793463   \n",
      "0         0.852511           5.724079            0.793967   \n",
      "0         0.852325           5.658315            0.794652   \n",
      "0         0.851399           6.301615            0.796696   \n",
      "\n",
      "                                    confusion_matrix  params.batch  \\\n",
      "0  [[749.0, 51.0, 9.0, 6.0, 15.0], [27.0, 1044.0,...            12   \n",
      "0  [[729.0, 48.0, 11.0, 2.0, 11.0], [41.0, 1045.0...            12   \n",
      "0  [[748.0, 48.0, 9.0, 4.0, 13.0], [31.0, 1056.0,...            12   \n",
      "0  [[737.0, 45.0, 7.0, 4.0, 11.0], [35.0, 1050.0,...            12   \n",
      "0  [[745.0, 39.0, 9.0, 3.0, 11.0], [29.0, 1054.0,...            12   \n",
      "0  [[740.0, 45.0, 9.0, 4.0, 12.0], [33.0, 1044.0,...            12   \n",
      "0  [[749.0, 50.0, 11.0, 4.0, 11.0], [25.0, 1053.0...            12   \n",
      "0  [[740.0, 43.0, 8.0, 3.0, 10.0], [31.0, 1050.0,...            12   \n",
      "0  [[735.0, 42.0, 10.0, 3.0, 13.0], [38.0, 1048.0...            12   \n",
      "0  [[745.0, 49.0, 7.0, 4.0, 12.0], [27.0, 1035.0,...            12   \n",
      "0  [[737.0, 44.0, 8.0, 4.0, 15.0], [39.0, 1041.0,...            12   \n",
      "0  [[745.0, 43.0, 10.0, 6.0, 12.0], [28.0, 1039.0...            12   \n",
      "0  [[750.0, 40.0, 13.0, 4.0, 16.0], [25.0, 1039.0...            12   \n",
      "0  [[748.0, 55.0, 12.0, 4.0, 8.0], [22.0, 1033.0,...            12   \n",
      "0  [[733.0, 46.0, 6.0, 4.0, 15.0], [41.0, 1040.0,...            12   \n",
      "0  [[746.0, 50.0, 12.0, 4.0, 15.0], [25.0, 1045.0...            12   \n",
      "0  [[744.0, 43.0, 7.0, 2.0, 12.0], [32.0, 1048.0,...            12   \n",
      "0  [[745.0, 47.0, 8.0, 5.0, 11.0], [27.0, 1042.0,...            12   \n",
      "0  [[745.0, 44.0, 9.0, 4.0, 11.0], [22.0, 1036.0,...            12   \n",
      "0  [[745.0, 48.0, 7.0, 3.0, 9.0], [27.0, 1041.0, ...            12   \n",
      "\n",
      "   params.epochs  params.hidden_output_dim  params.seed  params.learning_rate  \\\n",
      "0              6                       768      9645179               0.00005   \n",
      "0              6                       768      3256586               0.00005   \n",
      "0              6                       768      5087308               0.00005   \n",
      "0              6                       768       463952               0.00005   \n",
      "0              6                       768       981370               0.00005   \n",
      "0              6                       768      6561746               0.00005   \n",
      "0              6                       768      1211426               0.00005   \n",
      "0              6                       768       484662               0.00005   \n",
      "0              6                       768      3143313               0.00005   \n",
      "0              6                       768      3604845               0.00005   \n",
      "0              6                       768      3251388               0.00005   \n",
      "0              6                       768      9584284               0.00005   \n",
      "0              6                       768      7087867               0.00005   \n",
      "0              6                       768      6645882               0.00005   \n",
      "0              6                       768      1264540               0.00005   \n",
      "0              6                       768      7862517               0.00005   \n",
      "0              6                       768      6297287               0.00005   \n",
      "0              6                       768      8903895               0.00005   \n",
      "0              6                       768      4837032               0.00005   \n",
      "0              6                       768      2647255               0.00005   \n",
      "\n",
      "   params.tolerance                                  category  \\\n",
      "0      1.000000e-08  B12-E6-H768-LR5e-05-eps1e-08-ACT-softmax   \n",
      "0      1.000000e-08  B12-E6-H768-LR5e-05-eps1e-08-ACT-softmax   \n",
      "0      1.000000e-08  B12-E6-H768-LR5e-05-eps1e-08-ACT-softmax   \n",
      "0      1.000000e-08  B12-E6-H768-LR5e-05-eps1e-08-ACT-softmax   \n",
      "0      1.000000e-08  B12-E6-H768-LR5e-05-eps1e-08-ACT-softmax   \n",
      "0      1.000000e-08  B12-E6-H768-LR5e-05-eps1e-08-ACT-softmax   \n",
      "0      1.000000e-08  B12-E6-H768-LR5e-05-eps1e-08-ACT-softmax   \n",
      "0      1.000000e-08  B12-E6-H768-LR5e-05-eps1e-08-ACT-softmax   \n",
      "0      1.000000e-08  B12-E6-H768-LR5e-05-eps1e-08-ACT-softmax   \n",
      "0      1.000000e-08  B12-E6-H768-LR5e-05-eps1e-08-ACT-softmax   \n",
      "0      1.000000e-08  B12-E6-H768-LR5e-05-eps1e-08-ACT-softmax   \n",
      "0      1.000000e-08  B12-E6-H768-LR5e-05-eps1e-08-ACT-softmax   \n",
      "0      1.000000e-08  B12-E6-H768-LR5e-05-eps1e-08-ACT-softmax   \n",
      "0      1.000000e-08  B12-E6-H768-LR5e-05-eps1e-08-ACT-softmax   \n",
      "0      1.000000e-08  B12-E6-H768-LR5e-05-eps1e-08-ACT-softmax   \n",
      "0      1.000000e-08  B12-E6-H768-LR5e-05-eps1e-08-ACT-softmax   \n",
      "0      1.000000e-08  B12-E6-H768-LR5e-05-eps1e-08-ACT-softmax   \n",
      "0      1.000000e-08  B12-E6-H768-LR5e-05-eps1e-08-ACT-softmax   \n",
      "0      1.000000e-08  B12-E6-H768-LR5e-05-eps1e-08-ACT-softmax   \n",
      "0      1.000000e-08  B12-E6-H768-LR5e-05-eps1e-08-ACT-softmax   \n",
      "\n",
      "               filename params.action_activation  \n",
      "0  eval-20210826-124332                  softmax  \n",
      "0  eval-20210826-192916                  softmax  \n",
      "0  eval-20210826-154008                  softmax  \n",
      "0  eval-20210820-190623                  softmax  \n",
      "0  eval-20210826-113935                  softmax  \n",
      "0  eval-20210820-200251                  softmax  \n",
      "0  eval-20210820-163154                  softmax  \n",
      "0  eval-20210820-173058                  softmax  \n",
      "0  eval-20210820-222121                  softmax  \n",
      "0  eval-20210820-140828                  softmax  \n",
      "0  eval-20210826-163649                  softmax  \n",
      "0  eval-20210826-134412                  softmax  \n",
      "0  eval-20210826-144226                  softmax  \n",
      "0  eval-20210826-173704                  softmax  \n",
      "0  eval-20210820-151641                  softmax  \n",
      "0  eval-20210822-191719                  softmax  \n",
      "0  eval-20210826-183332                  softmax  \n",
      "0  eval-20210820-130816                  softmax  \n",
      "0  eval-20210820-210814                  softmax  \n",
      "0  eval-20210820-231757                  softmax  \n",
      "Order by act_acc+att_acc-act_per\n",
      "   action_accuracy  action_perplexity  attribute_accuracy  \\\n",
      "0         0.848434           6.996586            0.781969   \n",
      "0         0.845840           6.961841            0.788030   \n",
      "0         0.842320           6.776345            0.781370   \n",
      "0         0.847878           6.672284            0.783820   \n",
      "0         0.848805           6.511304            0.785019   \n",
      "0         0.850287           6.505223            0.791907   \n",
      "0         0.849731           6.464630            0.789666   \n",
      "0         0.850843           6.428665            0.783429   \n",
      "0         0.847693           6.400397            0.780866   \n",
      "0         0.847878           6.382444            0.784706   \n",
      "0         0.847693           6.308581            0.789616   \n",
      "0         0.851399           6.301615            0.796696   \n",
      "0         0.850287           6.132042            0.793463   \n",
      "0         0.848990           6.052891            0.790179   \n",
      "0         0.849175           6.044589            0.783724   \n",
      "0         0.846211           6.009374            0.783062   \n",
      "0         0.848620           5.983274            0.789754   \n",
      "0         0.850287           5.733896            0.791629   \n",
      "0         0.852511           5.724079            0.793967   \n",
      "0         0.852325           5.658315            0.794652   \n",
      "\n",
      "                                    confusion_matrix  params.batch  \\\n",
      "0  [[748.0, 48.0, 9.0, 4.0, 13.0], [31.0, 1056.0,...            12   \n",
      "0  [[745.0, 49.0, 7.0, 4.0, 12.0], [27.0, 1035.0,...            12   \n",
      "0  [[729.0, 48.0, 11.0, 2.0, 11.0], [41.0, 1045.0...            12   \n",
      "0  [[749.0, 50.0, 11.0, 4.0, 11.0], [25.0, 1053.0...            12   \n",
      "0  [[735.0, 42.0, 10.0, 3.0, 13.0], [38.0, 1048.0...            12   \n",
      "0  [[746.0, 50.0, 12.0, 4.0, 15.0], [25.0, 1045.0...            12   \n",
      "0  [[745.0, 43.0, 10.0, 6.0, 12.0], [28.0, 1039.0...            12   \n",
      "0  [[745.0, 39.0, 9.0, 3.0, 11.0], [29.0, 1054.0,...            12   \n",
      "0  [[749.0, 51.0, 9.0, 6.0, 15.0], [27.0, 1044.0,...            12   \n",
      "0  [[740.0, 43.0, 8.0, 3.0, 10.0], [31.0, 1050.0,...            12   \n",
      "0  [[737.0, 44.0, 8.0, 4.0, 15.0], [39.0, 1041.0,...            12   \n",
      "0  [[745.0, 48.0, 7.0, 3.0, 9.0], [27.0, 1041.0, ...            12   \n",
      "0  [[744.0, 43.0, 7.0, 2.0, 12.0], [32.0, 1048.0,...            12   \n",
      "0  [[748.0, 55.0, 12.0, 4.0, 8.0], [22.0, 1033.0,...            12   \n",
      "0  [[740.0, 45.0, 9.0, 4.0, 12.0], [33.0, 1044.0,...            12   \n",
      "0  [[737.0, 45.0, 7.0, 4.0, 11.0], [35.0, 1050.0,...            12   \n",
      "0  [[750.0, 40.0, 13.0, 4.0, 16.0], [25.0, 1039.0...            12   \n",
      "0  [[733.0, 46.0, 6.0, 4.0, 15.0], [41.0, 1040.0,...            12   \n",
      "0  [[745.0, 47.0, 8.0, 5.0, 11.0], [27.0, 1042.0,...            12   \n",
      "0  [[745.0, 44.0, 9.0, 4.0, 11.0], [22.0, 1036.0,...            12   \n",
      "\n",
      "   params.epochs  params.hidden_output_dim  params.seed  params.learning_rate  \\\n",
      "0              6                       768      5087308               0.00005   \n",
      "0              6                       768      3604845               0.00005   \n",
      "0              6                       768      3256586               0.00005   \n",
      "0              6                       768      1211426               0.00005   \n",
      "0              6                       768      3143313               0.00005   \n",
      "0              6                       768      7862517               0.00005   \n",
      "0              6                       768      9584284               0.00005   \n",
      "0              6                       768       981370               0.00005   \n",
      "0              6                       768      9645179               0.00005   \n",
      "0              6                       768       484662               0.00005   \n",
      "0              6                       768      3251388               0.00005   \n",
      "0              6                       768      2647255               0.00005   \n",
      "0              6                       768      6297287               0.00005   \n",
      "0              6                       768      6645882               0.00005   \n",
      "0              6                       768      6561746               0.00005   \n",
      "0              6                       768       463952               0.00005   \n",
      "0              6                       768      7087867               0.00005   \n",
      "0              6                       768      1264540               0.00005   \n",
      "0              6                       768      8903895               0.00005   \n",
      "0              6                       768      4837032               0.00005   \n",
      "\n",
      "   params.tolerance                                  category  \\\n",
      "0      1.000000e-08  B12-E6-H768-LR5e-05-eps1e-08-ACT-softmax   \n",
      "0      1.000000e-08  B12-E6-H768-LR5e-05-eps1e-08-ACT-softmax   \n",
      "0      1.000000e-08  B12-E6-H768-LR5e-05-eps1e-08-ACT-softmax   \n",
      "0      1.000000e-08  B12-E6-H768-LR5e-05-eps1e-08-ACT-softmax   \n",
      "0      1.000000e-08  B12-E6-H768-LR5e-05-eps1e-08-ACT-softmax   \n",
      "0      1.000000e-08  B12-E6-H768-LR5e-05-eps1e-08-ACT-softmax   \n",
      "0      1.000000e-08  B12-E6-H768-LR5e-05-eps1e-08-ACT-softmax   \n",
      "0      1.000000e-08  B12-E6-H768-LR5e-05-eps1e-08-ACT-softmax   \n",
      "0      1.000000e-08  B12-E6-H768-LR5e-05-eps1e-08-ACT-softmax   \n",
      "0      1.000000e-08  B12-E6-H768-LR5e-05-eps1e-08-ACT-softmax   \n",
      "0      1.000000e-08  B12-E6-H768-LR5e-05-eps1e-08-ACT-softmax   \n",
      "0      1.000000e-08  B12-E6-H768-LR5e-05-eps1e-08-ACT-softmax   \n",
      "0      1.000000e-08  B12-E6-H768-LR5e-05-eps1e-08-ACT-softmax   \n",
      "0      1.000000e-08  B12-E6-H768-LR5e-05-eps1e-08-ACT-softmax   \n",
      "0      1.000000e-08  B12-E6-H768-LR5e-05-eps1e-08-ACT-softmax   \n",
