{
 "cells": [
  {
   "cell_type": "code",
   "execution_count": 42,
   "id": "0fd0f115",
   "metadata": {},
   "outputs": [
    {
     "name": "stdout",
     "output_type": "stream",
     "text": [
      "   action_accuracy  action_perplexity  attribute_accuracy  \\\n",
      "0         0.848990           6.052891            0.790179   \n",
      "0         0.850843           6.428665            0.783429   \n",
      "0         0.847693           5.683677            0.781746   \n",
      "0         0.849546           5.118788            0.779168   \n",
      "0         0.850287           5.733896            0.791629   \n",
      "\n",
      "                                    confusion_matrix  params.batch  \\\n",
      "0  [[748.0, 55.0, 12.0, 4.0, 8.0], [22.0, 1033.0,...            12   \n",
      "0  [[745.0, 39.0, 9.0, 3.0, 11.0], [29.0, 1054.0,...            12   \n",
      "0  [[746.0, 46.0, 8.0, 4.0, 13.0], [28.0, 1036.0,...            12   \n",
      "0  [[730.0, 45.0, 7.0, 4.0, 11.0], [38.0, 1048.0,...            12   \n",
      "0  [[733.0, 46.0, 6.0, 4.0, 15.0], [41.0, 1040.0,...            12   \n",
      "\n",
      "   params.epochs  params.hidden_output_dim  params.seed  params.learning_rate  \\\n",
      "0              6                       768      6645882               0.00005   \n",
      "0              6                       768       981370               0.00005   \n",
      "0              6                       256       560145               0.00005   \n",
      "0              6                       768      9064012               0.00002   \n",
      "0              6                       768      1264540               0.00005   \n",
      "\n",
      "   params.tolerance params.action_activation  \\\n",
      "0      1.000000e-08                  softmax   \n",
      "0      1.000000e-08                  softmax   \n",
      "0      1.000000e-08                  softmax   \n",
      "0      1.000000e-08                  softmax   \n",
      "0      1.000000e-08                  softmax   \n",
      "\n",
      "                                   category              filename  \n",
      "0  B12-E6-H768-LR5e-05-eps1e-08-ACT-softmax  eval-20210826-173704  \n",
      "0  B12-E6-H768-LR5e-05-eps1e-08-ACT-softmax  eval-20210826-113935  \n",
      "0  B12-E6-H256-LR5e-05-eps1e-08-ACT-softmax  eval-20210823-111756  \n",
      "0  B12-E6-H768-LR2e-05-eps1e-08-ACT-softmax  eval-20210822-202006  \n",
      "0  B12-E6-H768-LR5e-05-eps1e-08-ACT-softmax  eval-20210820-151641  \n",
      "(62, 13)\n"
     ]
    }
   ],
   "source": [
    "from pathlib import Path\n",
    "import pandas as pd\n",
    "import numpy as np\n",
    "curdir = Path('./statoutput')\n",
    "\n",
    "# Dati relativi alla validazione sul TEST SET\n",
    "test_validation_data = pd.DataFrame()\n",
    "for f in curdir.glob('eval*'):\n",
    "    filename = f.name\n",
    "    df = pd.read_pickle(f)\n",
    "    actfunc = df.get('params.action_activation', ['sigmoid'])\n",
    "    df['category'] = f\"B{df.at[0, 'params.batch']}-E{df.at[0, 'params.epochs']}-H{df.at[0, 'params.hidden_output_dim']}\\\n",
    "-LR{df.at[0, 'params.learning_rate']}-eps{df.at[0, 'params.tolerance']}-ACT-{actfunc[0]}\"\n",
    "    df['filename'] = filename\n",
    "    test_validation_data = pd.concat([test_validation_data, df])\n",
    "print(test_validation_data.head())\n",
    "print(test_validation_data.shape)"
   ]
  },
  {
   "cell_type": "code",
   "execution_count": 43,
   "id": "ded89810",
   "metadata": {},
   "outputs": [
    {
     "name": "stdout",
     "output_type": "stream",
     "text": [
      "       Training Loss  Valid. Loss  Valid. Accur. class.  \\\n",
      "epoch                                                     \n",
      "1           1.148879     1.062654              0.858810   \n",
      "2           1.064366     1.059769              0.855394   \n",
      "3           1.050533     1.058177              0.855679   \n",
      "4           1.039914     1.051005              0.861657   \n",
      "5           1.030894     1.053316              0.859095   \n",
      "\n",
      "       Valid. Accur. mult.label Training Time Validation Time  \\\n",
      "epoch                                                           \n",
      "1                      0.893823       0:08:26         0:00:27   \n",
      "2                      0.915457       0:08:33         0:00:27   \n",
      "3                      0.916311       0:08:43         0:00:27   \n",
      "4                      0.933106       0:08:43         0:00:29   \n",
      "5                      0.933106       0:08:37         0:00:27   \n",
      "\n",
      "                                                 metrics  \\\n",
      "epoch                                                      \n",
      "1      {'action_accuracy': 0.8588101337887846, 'actio...   \n",
      "2      {'action_accuracy': 0.8553942499288357, 'actio...   \n",
      "3      {'action_accuracy': 0.8556789069171649, 'actio...   \n",
      "4      {'action_accuracy': 0.8616567036720751, 'actio...   \n",
      "5      {'action_accuracy': 0.8590947907771136, 'actio...   \n",
      "\n",
      "                    filename  \n",
      "epoch                         \n",
      "1      stats-20210822-202006  \n",
      "2      stats-20210822-202006  \n",
      "3      stats-20210822-202006  \n",
      "4      stats-20210822-202006  \n",
      "5      stats-20210822-202006  \n",
      "(388, 8)\n"
     ]
    }
   ],
   "source": [
    "# Dati relativi al training\n",
    "training_stat = pd.DataFrame()\n",
    "for f in curdir.glob('stats*'):\n",
    "    filename = f.name\n",
    "    df = pd.read_pickle(f)\n",
    "    df['filename'] = filename\n",
    "    training_stat = pd.concat([training_stat, df])\n",
    "print(training_stat.head())\n",
    "print(training_stat.shape)"
   ]
  },
  {
   "cell_type": "code",
   "execution_count": 44,
   "id": "372a913f",
   "metadata": {},
   "outputs": [
    {
     "name": "stdout",
     "output_type": "stream",
     "text": [
      "   epoch  batchnum                                     actions_logits  \\\n",
      "0      1         1  [[3.20435e-06, 0.9999882, 3.7242005e-06, 1.037...   \n",
      "1      1         2  [[5.426273e-06, 0.99998665, 4.1337794e-06, 3.2...   \n",
      "2      1         3  [[0.017697677, 0.059091758, 0.004954906, 0.000...   \n",
      "3      1         4  [[0.99997604, 1.3053125e-05, 6.0154216e-06, 6....   \n",
      "4      1         5  [[4.334827e-06, 4.9495902e-05, 7.547109e-05, 3...   \n",
      "\n",
      "                         actions_labels  \\\n",
      "0  [1, 4, 2, 4, 0, 1, 1, 4, 4, 0, 1, 2]   \n",
      "1  [1, 4, 2, 2, 0, 1, 2, 1, 1, 1, 1, 4]   \n",
      "2  [4, 1, 1, 1, 4, 2, 1, 2, 0, 1, 1, 1]   \n",
      "3  [0, 0, 1, 2, 0, 1, 4, 4, 0, 1, 1, 4]   \n",
      "4  [1, 4, 2, 4, 0, 3, 1, 1, 2, 4, 1, 1]   \n",
      "\n",
      "                                   attributes_logits  \\\n",
      "0  [[0.0012406606, 0.0010098289, 0.021648671, 0.0...   \n",
      "1  [[0.00011545998, 0.00010008309, 0.0055628777, ...   \n",
      "2  [[5.648269e-05, 4.1923973e-05, 0.4388543, 0.00...   \n",
      "3  [[0.00011248557, 8.832204e-05, 0.0037281394, 0...   \n",
      "4  [[0.00021157182, 0.00014849911, 0.008984664, 0...   \n",
      "\n",
      "                                   attributes_labels  \\\n",
      "0  [[0, 0, 0, 0, 0, 0, 0, 0, 0, 0, 0, 0, 0, 0, 0,...   \n",
      "1  [[0, 0, 0, 0, 0, 0, 0, 0, 0, 0, 0, 0, 0, 0, 0,...   \n",
      "2  [[0, 0, 1, 0, 0, 0, 0, 0, 0, 0, 0, 0, 0, 0, 0,...   \n",
      "3  [[0, 0, 0, 0, 0, 0, 0, 0, 0, 0, 0, 0, 0, 0, 0,...   \n",
      "4  [[0, 0, 0, 0, 0, 0, 0, 0, 0, 0, 0, 0, 0, 0, 0,...   \n",
      "\n",
      "         accuracy_classification            accuracy_multilabel  \\\n",
      "0  {'matched': 10, 'counts': 12}  {'matched': 11, 'counts': 12}   \n",
      "1   {'matched': 9, 'counts': 12}  {'matched': 10, 'counts': 12}   \n",
      "2   {'matched': 9, 'counts': 12}  {'matched': 10, 'counts': 12}   \n",
      "3   {'matched': 8, 'counts': 12}  {'matched': 11, 'counts': 12}   \n",
      "4   {'matched': 8, 'counts': 12}  {'matched': 11, 'counts': 12}   \n",
      "\n",
      "                   filename  \n",
      "0  testdata-20210820-200251  \n",
      "1  testdata-20210820-200251  \n",
      "2  testdata-20210820-200251  \n",
      "3  testdata-20210820-200251  \n",
      "4  testdata-20210820-200251  \n",
      "(113684, 9)\n"
     ]
    }
   ],
   "source": [
    "# Dati relativi alla validazione durante il training\n",
    "validation_data = pd.DataFrame()\n",
    "for f in curdir.glob('testdata*'):\n",
    "    filename = f.name\n",
    "    df = pd.read_pickle(f)\n",
    "    df['filename'] = filename\n",
    "    validation_data = pd.concat([validation_data, df])\n",
    "print(validation_data.head())\n",
    "print(validation_data.shape)"
   ]
  },
  {
   "cell_type": "code",
   "execution_count": 45,
   "id": "7583f1bf",
   "metadata": {},
   "outputs": [
    {
     "name": "stdout",
     "output_type": "stream",
     "text": [
      "(20, 13)\n",
      "MAX action accuracy: 0.8525106540670743, MAX attribute accuracy: 0.7966960620999017\n",
      "   action_accuracy  action_perplexity  attribute_accuracy  \\\n",
      "0         0.848990           6.052891            0.790179   \n",
      "0         0.850843           6.428665            0.783429   \n",
      "0         0.850287           5.733896            0.791629   \n",
      "0         0.848434           6.996586            0.781969   \n",
      "0         0.850287           6.505223            0.791907   \n",
      "0         0.848805           6.511304            0.785019   \n",
      "0         0.848620           5.983274            0.789754   \n",
      "0         0.847693           6.400397            0.780866   \n",
      "0         0.852511           5.724079            0.793967   \n",
      "0         0.850287           6.132042            0.793463   \n",
      "0         0.842320           6.776345            0.781370   \n",
      "0         0.849175           6.044589            0.783724   \n",
      "0         0.849731           6.464630            0.789666   \n",
      "0         0.846211           6.009374            0.783062   \n",
      "0         0.847878           6.382444            0.784706   \n",
      "0         0.851399           6.301615            0.796696   \n",
      "0         0.845840           6.961841            0.788030   \n",
      "0         0.847878           6.672284            0.783820   \n",
      "0         0.847693           6.308581            0.789616   \n",
      "0         0.852325           5.658315            0.794652   \n",
      "\n",
      "                                    confusion_matrix  params.batch  \\\n",
      "0  [[748.0, 55.0, 12.0, 4.0, 8.0], [22.0, 1033.0,...            12   \n",
      "0  [[745.0, 39.0, 9.0, 3.0, 11.0], [29.0, 1054.0,...            12   \n",
      "0  [[733.0, 46.0, 6.0, 4.0, 15.0], [41.0, 1040.0,...            12   \n",
      "0  [[748.0, 48.0, 9.0, 4.0, 13.0], [31.0, 1056.0,...            12   \n",
      "0  [[746.0, 50.0, 12.0, 4.0, 15.0], [25.0, 1045.0...            12   \n",
      "0  [[735.0, 42.0, 10.0, 3.0, 13.0], [38.0, 1048.0...            12   \n",
      "0  [[750.0, 40.0, 13.0, 4.0, 16.0], [25.0, 1039.0...            12   \n",
      "0  [[749.0, 51.0, 9.0, 6.0, 15.0], [27.0, 1044.0,...            12   \n",
      "0  [[745.0, 47.0, 8.0, 5.0, 11.0], [27.0, 1042.0,...            12   \n",
      "0  [[744.0, 43.0, 7.0, 2.0, 12.0], [32.0, 1048.0,...            12   \n",
      "0  [[729.0, 48.0, 11.0, 2.0, 11.0], [41.0, 1045.0...            12   \n",
      "0  [[740.0, 45.0, 9.0, 4.0, 12.0], [33.0, 1044.0,...            12   \n",
      "0  [[745.0, 43.0, 10.0, 6.0, 12.0], [28.0, 1039.0...            12   \n",
      "0  [[737.0, 45.0, 7.0, 4.0, 11.0], [35.0, 1050.0,...            12   \n",
      "0  [[740.0, 43.0, 8.0, 3.0, 10.0], [31.0, 1050.0,...            12   \n",
      "0  [[745.0, 48.0, 7.0, 3.0, 9.0], [27.0, 1041.0, ...            12   \n",
      "0  [[745.0, 49.0, 7.0, 4.0, 12.0], [27.0, 1035.0,...            12   \n",
      "0  [[749.0, 50.0, 11.0, 4.0, 11.0], [25.0, 1053.0...            12   \n",
      "0  [[737.0, 44.0, 8.0, 4.0, 15.0], [39.0, 1041.0,...            12   \n",
      "0  [[745.0, 44.0, 9.0, 4.0, 11.0], [22.0, 1036.0,...            12   \n",
      "\n",
      "   params.epochs  params.hidden_output_dim  params.seed  params.learning_rate  \\\n",
      "0              6                       768      6645882               0.00005   \n",
      "0              6                       768       981370               0.00005   \n",
      "0              6                       768      1264540               0.00005   \n",
      "0              6                       768      5087308               0.00005   \n",
      "0              6                       768      7862517               0.00005   \n",
      "0              6                       768      3143313               0.00005   \n",
      "0              6                       768      7087867               0.00005   \n",
      "0              6                       768      9645179               0.00005   \n",
      "0              6                       768      8903895               0.00005   \n",
      "0              6                       768      6297287               0.00005   \n",
      "0              6                       768      3256586               0.00005   \n",
      "0              6                       768      6561746               0.00005   \n",
      "0              6                       768      9584284               0.00005   \n",
      "0              6                       768       463952               0.00005   \n",
      "0              6                       768       484662               0.00005   \n",
      "0              6                       768      2647255               0.00005   \n",
      "0              6                       768      3604845               0.00005   \n",
      "0              6                       768      1211426               0.00005   \n",
      "0              6                       768      3251388               0.00005   \n",
      "0              6                       768      4837032               0.00005   \n",
      "\n",
      "   params.tolerance params.action_activation  \\\n",
      "0      1.000000e-08                  softmax   \n",
      "0      1.000000e-08                  softmax   \n",
      "0      1.000000e-08                  softmax   \n",
      "0      1.000000e-08                  softmax   \n",
      "0      1.000000e-08                  softmax   \n",
      "0      1.000000e-08                  softmax   \n",
      "0      1.000000e-08                  softmax   \n",
      "0      1.000000e-08                  softmax   \n",
      "0      1.000000e-08                  softmax   \n",
      "0      1.000000e-08                  softmax   \n",
      "0      1.000000e-08                  softmax   \n",
      "0      1.000000e-08                  softmax   \n",
      "0      1.000000e-08                  softmax   \n",
      "0      1.000000e-08                  softmax   \n",
      "0      1.000000e-08                  softmax   \n",
      "0      1.000000e-08                  softmax   \n",
      "0      1.000000e-08                  softmax   \n",
      "0      1.000000e-08                  softmax   \n",
      "0      1.000000e-08                  softmax   \n",
      "0      1.000000e-08                  softmax   \n",
      "\n",
      "                                   category              filename  \n",
      "0  B12-E6-H768-LR5e-05-eps1e-08-ACT-softmax  eval-20210826-173704  \n",
      "0  B12-E6-H768-LR5e-05-eps1e-08-ACT-softmax  eval-20210826-113935  \n",
      "0  B12-E6-H768-LR5e-05-eps1e-08-ACT-softmax  eval-20210820-151641  \n",
      "0  B12-E6-H768-LR5e-05-eps1e-08-ACT-softmax  eval-20210826-154008  \n",
      "0  B12-E6-H768-LR5e-05-eps1e-08-ACT-softmax  eval-20210822-191719  \n",
      "0  B12-E6-H768-LR5e-05-eps1e-08-ACT-softmax  eval-20210820-222121  \n",
      "0  B12-E6-H768-LR5e-05-eps1e-08-ACT-softmax  eval-20210826-144226  \n",
      "0  B12-E6-H768-LR5e-05-eps1e-08-ACT-softmax  eval-20210826-124332  \n",
      "0  B12-E6-H768-LR5e-05-eps1e-08-ACT-softmax  eval-20210820-130816  \n",
      "0  B12-E6-H768-LR5e-05-eps1e-08-ACT-softmax  eval-20210826-183332  \n",
      "0  B12-E6-H768-LR5e-05-eps1e-08-ACT-softmax  eval-20210826-192916  \n",
      "0  B12-E6-H768-LR5e-05-eps1e-08-ACT-softmax  eval-20210820-200251  \n",
      "0  B12-E6-H768-LR5e-05-eps1e-08-ACT-softmax  eval-20210826-134412  \n",
      "0  B12-E6-H768-LR5e-05-eps1e-08-ACT-softmax  eval-20210820-190623  \n",
      "0  B12-E6-H768-LR5e-05-eps1e-08-ACT-softmax  eval-20210820-173058  \n",
      "0  B12-E6-H768-LR5e-05-eps1e-08-ACT-softmax  eval-20210820-231757  \n",
      "0  B12-E6-H768-LR5e-05-eps1e-08-ACT-softmax  eval-20210820-140828  \n",
      "0  B12-E6-H768-LR5e-05-eps1e-08-ACT-softmax  eval-20210820-163154  \n",
      "0  B12-E6-H768-LR5e-05-eps1e-08-ACT-softmax  eval-20210826-163649  \n",
      "0  B12-E6-H768-LR5e-05-eps1e-08-ACT-softmax  eval-20210820-210814  \n",
      "Äction accuracy order\n",
      "   action_accuracy  action_perplexity  attribute_accuracy  \\\n",
      "0         0.842320           6.776345            0.781370   \n",
      "0         0.845840           6.961841            0.788030   \n",
      "0         0.846211           6.009374            0.783062   \n",
      "0         0.847693           6.400397            0.780866   \n",
      "0         0.847693           6.308581            0.789616   \n",
      "0         0.847878           6.672284            0.783820   \n",
      "0         0.847878           6.382444            0.784706   \n",
      "0         0.848434           6.996586            0.781969   \n",
      "0         0.848620           5.983274            0.789754   \n",
      "0         0.848805           6.511304            0.785019   \n",
      "0         0.848990           6.052891            0.790179   \n",
      "0         0.849175           6.044589            0.783724   \n",
      "0         0.849731           6.464630            0.789666   \n",
      "0         0.850287           6.132042            0.793463   \n",
      "0         0.850287           6.505223            0.791907   \n",
      "0         0.850287           5.733896            0.791629   \n",
      "0         0.850843           6.428665            0.783429   \n",
      "0         0.851399           6.301615            0.796696   \n",
      "0         0.852325           5.658315            0.794652   \n",
      "0         0.852511           5.724079            0.793967   \n",
      "\n",
      "                                    confusion_matrix  params.batch  \\\n",
      "0  [[729.0, 48.0, 11.0, 2.0, 11.0], [41.0, 1045.0...            12   \n",
      "0  [[745.0, 49.0, 7.0, 4.0, 12.0], [27.0, 1035.0,...            12   \n",
      "0  [[737.0, 45.0, 7.0, 4.0, 11.0], [35.0, 1050.0,...            12   \n",
      "0  [[749.0, 51.0, 9.0, 6.0, 15.0], [27.0, 1044.0,...            12   \n",
      "0  [[737.0, 44.0, 8.0, 4.0, 15.0], [39.0, 1041.0,...            12   \n",
      "0  [[749.0, 50.0, 11.0, 4.0, 11.0], [25.0, 1053.0...            12   \n",
      "0  [[740.0, 43.0, 8.0, 3.0, 10.0], [31.0, 1050.0,...            12   \n",
      "0  [[748.0, 48.0, 9.0, 4.0, 13.0], [31.0, 1056.0,...            12   \n",
      "0  [[750.0, 40.0, 13.0, 4.0, 16.0], [25.0, 1039.0...            12   \n",
      "0  [[735.0, 42.0, 10.0, 3.0, 13.0], [38.0, 1048.0...            12   \n",
      "0  [[748.0, 55.0, 12.0, 4.0, 8.0], [22.0, 1033.0,...            12   \n",
      "0  [[740.0, 45.0, 9.0, 4.0, 12.0], [33.0, 1044.0,...            12   \n",
      "0  [[745.0, 43.0, 10.0, 6.0, 12.0], [28.0, 1039.0...            12   \n",
      "0  [[744.0, 43.0, 7.0, 2.0, 12.0], [32.0, 1048.0,...            12   \n",
      "0  [[746.0, 50.0, 12.0, 4.0, 15.0], [25.0, 1045.0...            12   \n",
      "0  [[733.0, 46.0, 6.0, 4.0, 15.0], [41.0, 1040.0,...            12   \n",
      "0  [[745.0, 39.0, 9.0, 3.0, 11.0], [29.0, 1054.0,...            12   \n",
      "0  [[745.0, 48.0, 7.0, 3.0, 9.0], [27.0, 1041.0, ...            12   \n",
      "0  [[745.0, 44.0, 9.0, 4.0, 11.0], [22.0, 1036.0,...            12   \n",
      "0  [[745.0, 47.0, 8.0, 5.0, 11.0], [27.0, 1042.0,...            12   \n",
      "\n",
      "   params.epochs  params.hidden_output_dim  params.seed  params.learning_rate  \\\n",
      "0              6                       768      3256586               0.00005   \n",
      "0              6                       768      3604845               0.00005   \n",
      "0              6                       768       463952               0.00005   \n",
      "0              6                       768      9645179               0.00005   \n",
      "0              6                       768      3251388               0.00005   \n",
      "0              6                       768      1211426               0.00005   \n",
      "0              6                       768       484662               0.00005   \n",
      "0              6                       768      5087308               0.00005   \n",
      "0              6                       768      7087867               0.00005   \n",
      "0              6                       768      3143313               0.00005   \n",
      "0              6                       768      6645882               0.00005   \n",
      "0              6                       768      6561746               0.00005   \n",
      "0              6                       768      9584284               0.00005   \n",
      "0              6                       768      6297287               0.00005   \n",
      "0              6                       768      7862517               0.00005   \n",
      "0              6                       768      1264540               0.00005   \n",
      "0              6                       768       981370               0.00005   \n",
      "0              6                       768      2647255               0.00005   \n",
      "0              6                       768      4837032               0.00005   \n",
      "0              6                       768      8903895               0.00005   \n",
      "\n",
      "   params.tolerance params.action_activation  \\\n",
      "0      1.000000e-08                  softmax   \n",
      "0      1.000000e-08                  softmax   \n",
      "0      1.000000e-08                  softmax   \n",
      "0      1.000000e-08                  softmax   \n",
      "0      1.000000e-08                  softmax   \n",
      "0      1.000000e-08                  softmax   \n",
      "0      1.000000e-08                  softmax   \n",
      "0      1.000000e-08                  softmax   \n",
      "0      1.000000e-08                  softmax   \n",
      "0      1.000000e-08                  softmax   \n",
      "0      1.000000e-08                  softmax   \n",
      "0      1.000000e-08                  softmax   \n",
      "0      1.000000e-08                  softmax   \n",
      "0      1.000000e-08                  softmax   \n",
      "0      1.000000e-08                  softmax   \n",
      "0      1.000000e-08                  softmax   \n",
      "0      1.000000e-08                  softmax   \n",
      "0      1.000000e-08                  softmax   \n",
      "0      1.000000e-08                  softmax   \n",
      "0      1.000000e-08                  softmax   \n",
      "\n",
      "                                   category              filename  \n",
      "0  B12-E6-H768-LR5e-05-eps1e-08-ACT-softmax  eval-20210826-192916  \n",
      "0  B12-E6-H768-LR5e-05-eps1e-08-ACT-softmax  eval-20210820-140828  \n",
      "0  B12-E6-H768-LR5e-05-eps1e-08-ACT-softmax  eval-20210820-190623  \n",
      "0  B12-E6-H768-LR5e-05-eps1e-08-ACT-softmax  eval-20210826-124332  \n",
      "0  B12-E6-H768-LR5e-05-eps1e-08-ACT-softmax  eval-20210826-163649  \n",
      "0  B12-E6-H768-LR5e-05-eps1e-08-ACT-softmax  eval-20210820-163154  \n",
      "0  B12-E6-H768-LR5e-05-eps1e-08-ACT-softmax  eval-20210820-173058  \n",
      "0  B12-E6-H768-LR5e-05-eps1e-08-ACT-softmax  eval-20210826-154008  \n",
      "0  B12-E6-H768-LR5e-05-eps1e-08-ACT-softmax  eval-20210826-144226  \n",
      "0  B12-E6-H768-LR5e-05-eps1e-08-ACT-softmax  eval-20210820-222121  \n",
      "0  B12-E6-H768-LR5e-05-eps1e-08-ACT-softmax  eval-20210826-173704  \n",
      "0  B12-E6-H768-LR5e-05-eps1e-08-ACT-softmax  eval-20210820-200251  \n",
      "0  B12-E6-H768-LR5e-05-eps1e-08-ACT-softmax  eval-20210826-134412  \n",
      "0  B12-E6-H768-LR5e-05-eps1e-08-ACT-softmax  eval-20210826-183332  \n",
      "0  B12-E6-H768-LR5e-05-eps1e-08-ACT-softmax  eval-20210822-191719  \n",
      "0  B12-E6-H768-LR5e-05-eps1e-08-ACT-softmax  eval-20210820-151641  \n",
      "0  B12-E6-H768-LR5e-05-eps1e-08-ACT-softmax  eval-20210826-113935  \n",
      "0  B12-E6-H768-LR5e-05-eps1e-08-ACT-softmax  eval-20210820-231757  \n",
      "0  B12-E6-H768-LR5e-05-eps1e-08-ACT-softmax  eval-20210820-210814  \n",
      "0  B12-E6-H768-LR5e-05-eps1e-08-ACT-softmax  eval-20210820-130816  \n",
      "Ättribute accuracy order\n",
      "   action_accuracy  action_perplexity  attribute_accuracy  \\\n",
      "0         0.847693           6.400397            0.780866   \n",
      "0         0.842320           6.776345            0.781370   \n",
      "0         0.848434           6.996586            0.781969   \n",
      "0         0.846211           6.009374            0.783062   \n",
      "0         0.850843           6.428665            0.783429   \n",
      "0         0.849175           6.044589            0.783724   \n",
      "0         0.847878           6.672284            0.783820   \n",
      "0         0.847878           6.382444            0.784706   \n",
      "0         0.848805           6.511304            0.785019   \n",
      "0         0.845840           6.961841            0.788030   \n",
      "0         0.847693           6.308581            0.789616   \n",
      "0         0.849731           6.464630            0.789666   \n",
      "0         0.848620           5.983274            0.789754   \n",
      "0         0.848990           6.052891            0.790179   \n",
      "0         0.850287           5.733896            0.791629   \n",
      "0         0.850287           6.505223            0.791907   \n",
      "0         0.850287           6.132042            0.793463   \n",
      "0         0.852511           5.724079            0.793967   \n",
      "0         0.852325           5.658315            0.794652   \n",
      "0         0.851399           6.301615            0.796696   \n",
      "\n",
      "                                    confusion_matrix  params.batch  \\\n",
      "0  [[749.0, 51.0, 9.0, 6.0, 15.0], [27.0, 1044.0,...            12   \n",
      "0  [[729.0, 48.0, 11.0, 2.0, 11.0], [41.0, 1045.0...            12   \n",
      "0  [[748.0, 48.0, 9.0, 4.0, 13.0], [31.0, 1056.0,...            12   \n",
      "0  [[737.0, 45.0, 7.0, 4.0, 11.0], [35.0, 1050.0,...            12   \n",
      "0  [[745.0, 39.0, 9.0, 3.0, 11.0], [29.0, 1054.0,...            12   \n",
      "0  [[740.0, 45.0, 9.0, 4.0, 12.0], [33.0, 1044.0,...            12   \n",
      "0  [[749.0, 50.0, 11.0, 4.0, 11.0], [25.0, 1053.0...            12   \n",
      "0  [[740.0, 43.0, 8.0, 3.0, 10.0], [31.0, 1050.0,...            12   \n",
      "0  [[735.0, 42.0, 10.0, 3.0, 13.0], [38.0, 1048.0...            12   \n",
      "0  [[745.0, 49.0, 7.0, 4.0, 12.0], [27.0, 1035.0,...            12   \n",
      "0  [[737.0, 44.0, 8.0, 4.0, 15.0], [39.0, 1041.0,...            12   \n",
      "0  [[745.0, 43.0, 10.0, 6.0, 12.0], [28.0, 1039.0...            12   \n",
      "0  [[750.0, 40.0, 13.0, 4.0, 16.0], [25.0, 1039.0...            12   \n",
      "0  [[748.0, 55.0, 12.0, 4.0, 8.0], [22.0, 1033.0,...            12   \n",
      "0  [[733.0, 46.0, 6.0, 4.0, 15.0], [41.0, 1040.0,...            12   \n",
      "0  [[746.0, 50.0, 12.0, 4.0, 15.0], [25.0, 1045.0...            12   \n",
      "0  [[744.0, 43.0, 7.0, 2.0, 12.0], [32.0, 1048.0,...            12   \n",
      "0  [[745.0, 47.0, 8.0, 5.0, 11.0], [27.0, 1042.0,...            12   \n",
      "0  [[745.0, 44.0, 9.0, 4.0, 11.0], [22.0, 1036.0,...            12   \n",
      "0  [[745.0, 48.0, 7.0, 3.0, 9.0], [27.0, 1041.0, ...            12   \n",
      "\n",
      "   params.epochs  params.hidden_output_dim  params.seed  params.learning_rate  \\\n",
      "0              6                       768      9645179               0.00005   \n",
      "0              6                       768      3256586               0.00005   \n",
      "0              6                       768      5087308               0.00005   \n",
      "0              6                       768       463952               0.00005   \n",
      "0              6                       768       981370               0.00005   \n",
      "0              6                       768      6561746               0.00005   \n",
      "0              6                       768      1211426               0.00005   \n",
      "0              6                       768       484662               0.00005   \n",
      "0              6                       768      3143313               0.00005   \n",
      "0              6                       768      3604845               0.00005   \n",
      "0              6                       768      3251388               0.00005   \n",
      "0              6                       768      9584284               0.00005   \n",
      "0              6                       768      7087867               0.00005   \n",
      "0              6                       768      6645882               0.00005   \n",
      "0              6                       768      1264540               0.00005   \n",
      "0              6                       768      7862517               0.00005   \n",
      "0              6                       768      6297287               0.00005   \n",
      "0              6                       768      8903895               0.00005   \n",
      "0              6                       768      4837032               0.00005   \n",
      "0              6                       768      2647255               0.00005   \n",
      "\n",
      "   params.tolerance params.action_activation  \\\n",
      "0      1.000000e-08                  softmax   \n",
      "0      1.000000e-08                  softmax   \n",
      "0      1.000000e-08                  softmax   \n",
      "0      1.000000e-08                  softmax   \n",
      "0      1.000000e-08                  softmax   \n",
      "0      1.000000e-08                  softmax   \n",
      "0      1.000000e-08                  softmax   \n",
      "0      1.000000e-08                  softmax   \n",
      "0      1.000000e-08                  softmax   \n",
      "0      1.000000e-08                  softmax   \n",
      "0      1.000000e-08                  softmax   \n",
      "0      1.000000e-08                  softmax   \n",
      "0      1.000000e-08                  softmax   \n",
      "0      1.000000e-08                  softmax   \n",
      "0      1.000000e-08                  softmax   \n",
      "0      1.000000e-08                  softmax   \n",
      "0      1.000000e-08                  softmax   \n",
      "0      1.000000e-08                  softmax   \n",
      "0      1.000000e-08                  softmax   \n",
      "0      1.000000e-08                  softmax   \n",
      "\n",
      "                                   category              filename  \n",
      "0  B12-E6-H768-LR5e-05-eps1e-08-ACT-softmax  eval-20210826-124332  \n",
      "0  B12-E6-H768-LR5e-05-eps1e-08-ACT-softmax  eval-20210826-192916  \n",
      "0  B12-E6-H768-LR5e-05-eps1e-08-ACT-softmax  eval-20210826-154008  \n",
      "0  B12-E6-H768-LR5e-05-eps1e-08-ACT-softmax  eval-20210820-190623  \n",
      "0  B12-E6-H768-LR5e-05-eps1e-08-ACT-softmax  eval-20210826-113935  \n",
      "0  B12-E6-H768-LR5e-05-eps1e-08-ACT-softmax  eval-20210820-200251  \n",
      "0  B12-E6-H768-LR5e-05-eps1e-08-ACT-softmax  eval-20210820-163154  \n",
      "0  B12-E6-H768-LR5e-05-eps1e-08-ACT-softmax  eval-20210820-173058  \n",
      "0  B12-E6-H768-LR5e-05-eps1e-08-ACT-softmax  eval-20210820-222121  \n",
      "0  B12-E6-H768-LR5e-05-eps1e-08-ACT-softmax  eval-20210820-140828  \n",
      "0  B12-E6-H768-LR5e-05-eps1e-08-ACT-softmax  eval-20210826-163649  \n",
      "0  B12-E6-H768-LR5e-05-eps1e-08-ACT-softmax  eval-20210826-134412  \n",
      "0  B12-E6-H768-LR5e-05-eps1e-08-ACT-softmax  eval-20210826-144226  \n",
      "0  B12-E6-H768-LR5e-05-eps1e-08-ACT-softmax  eval-20210826-173704  \n",
      "0  B12-E6-H768-LR5e-05-eps1e-08-ACT-softmax  eval-20210820-151641  \n",
      "0  B12-E6-H768-LR5e-05-eps1e-08-ACT-softmax  eval-20210822-191719  \n",
      "0  B12-E6-H768-LR5e-05-eps1e-08-ACT-softmax  eval-20210826-183332  \n",
      "0  B12-E6-H768-LR5e-05-eps1e-08-ACT-softmax  eval-20210820-130816  \n",
      "0  B12-E6-H768-LR5e-05-eps1e-08-ACT-softmax  eval-20210820-210814  \n",
      "0  B12-E6-H768-LR5e-05-eps1e-08-ACT-softmax  eval-20210820-231757  \n",
      "Order by act_acc+att_acc-act_per\n",
      "   action_accuracy  action_perplexity  attribute_accuracy  \\\n",
      "0         0.848434           6.996586            0.781969   \n",
      "0         0.845840           6.961841            0.788030   \n",
      "0         0.842320           6.776345            0.781370   \n",
      "0         0.847878           6.672284            0.783820   \n",
      "0         0.848805           6.511304            0.785019   \n",
      "0         0.850287           6.505223            0.791907   \n",
      "0         0.849731           6.464630            0.789666   \n",
      "0         0.850843           6.428665            0.783429   \n",
      "0         0.847693           6.400397            0.780866   \n",
      "0         0.847878           6.382444            0.784706   \n",
      "0         0.847693           6.308581            0.789616   \n",
      "0         0.851399           6.301615            0.796696   \n",
      "0         0.850287           6.132042            0.793463   \n",
      "0         0.848990           6.052891            0.790179   \n",
      "0         0.849175           6.044589            0.783724   \n",
      "0         0.846211           6.009374            0.783062   \n",
      "0         0.848620           5.983274            0.789754   \n",
      "0         0.850287           5.733896            0.791629   \n",
      "0         0.852511           5.724079            0.793967   \n",
      "0         0.852325           5.658315            0.794652   \n",
      "\n",
      "                                    confusion_matrix  params.batch  \\\n",
      "0  [[748.0, 48.0, 9.0, 4.0, 13.0], [31.0, 1056.0,...            12   \n",
      "0  [[745.0, 49.0, 7.0, 4.0, 12.0], [27.0, 1035.0,...            12   \n",
      "0  [[729.0, 48.0, 11.0, 2.0, 11.0], [41.0, 1045.0...            12   \n",
      "0  [[749.0, 50.0, 11.0, 4.0, 11.0], [25.0, 1053.0...            12   \n",
      "0  [[735.0, 42.0, 10.0, 3.0, 13.0], [38.0, 1048.0...            12   \n",
      "0  [[746.0, 50.0, 12.0, 4.0, 15.0], [25.0, 1045.0...            12   \n",
      "0  [[745.0, 43.0, 10.0, 6.0, 12.0], [28.0, 1039.0...            12   \n",
      "0  [[745.0, 39.0, 9.0, 3.0, 11.0], [29.0, 1054.0,...            12   \n",
      "0  [[749.0, 51.0, 9.0, 6.0, 15.0], [27.0, 1044.0,...            12   \n",
      "0  [[740.0, 43.0, 8.0, 3.0, 10.0], [31.0, 1050.0,...            12   \n",
      "0  [[737.0, 44.0, 8.0, 4.0, 15.0], [39.0, 1041.0,...            12   \n",
      "0  [[745.0, 48.0, 7.0, 3.0, 9.0], [27.0, 1041.0, ...            12   \n",
      "0  [[744.0, 43.0, 7.0, 2.0, 12.0], [32.0, 1048.0,...            12   \n",
      "0  [[748.0, 55.0, 12.0, 4.0, 8.0], [22.0, 1033.0,...            12   \n",
      "0  [[740.0, 45.0, 9.0, 4.0, 12.0], [33.0, 1044.0,...            12   \n",
      "0  [[737.0, 45.0, 7.0, 4.0, 11.0], [35.0, 1050.0,...            12   \n",
      "0  [[750.0, 40.0, 13.0, 4.0, 16.0], [25.0, 1039.0...            12   \n",
      "0  [[733.0, 46.0, 6.0, 4.0, 15.0], [41.0, 1040.0,...            12   \n",
      "0  [[745.0, 47.0, 8.0, 5.0, 11.0], [27.0, 1042.0,...            12   \n",
      "0  [[745.0, 44.0, 9.0, 4.0, 11.0], [22.0, 1036.0,...            12   \n",
      "\n",
      "   params.epochs  params.hidden_output_dim  params.seed  params.learning_rate  \\\n",
      "0              6                       768      5087308               0.00005   \n",
      "0              6                       768      3604845               0.00005   \n",
      "0              6                       768      3256586               0.00005   \n",
      "0              6                       768      1211426               0.00005   \n",
      "0              6                       768      3143313               0.00005   \n",
      "0              6                       768      7862517               0.00005   \n",
      "0              6                       768      9584284               0.00005   \n",
      "0              6                       768       981370               0.00005   \n",
      "0              6                       768      9645179               0.00005   \n",
      "0              6                       768       484662               0.00005   \n",
      "0              6                       768      3251388               0.00005   \n",
      "0              6                       768      2647255               0.00005   \n",
      "0              6                       768      6297287               0.00005   \n",
      "0              6                       768      6645882               0.00005   \n",
      "0              6                       768      6561746               0.00005   \n",
      "0              6                       768       463952               0.00005   \n",
      "0              6                       768      7087867               0.00005   \n",
      "0              6                       768      1264540               0.00005   \n",
      "0              6                       768      8903895               0.00005   \n",
      "0              6                       768      4837032               0.00005   \n",
      "\n",
      "   params.tolerance params.action_activation  \\\n",
      "0      1.000000e-08                  softmax   \n",
      "0      1.000000e-08                  softmax   \n",
      "0      1.000000e-08                  softmax   \n",
      "0      1.000000e-08                  softmax   \n",
      "0      1.000000e-08                  softmax   \n",
      "0      1.000000e-08                  softmax   \n",
      "0      1.000000e-08                  softmax   \n",
      "0      1.000000e-08                  softmax   \n",
      "0      1.000000e-08                  softmax   \n",
      "0      1.000000e-08                  softmax   \n",
      "0      1.000000e-08                  softmax   \n",
      "0      1.000000e-08                  softmax   \n",
      "0      1.000000e-08                  softmax   \n",
      "0      1.000000e-08                  softmax   \n",
      "0      1.000000e-08                  softmax   \n",
      "0      1.000000e-08                  softmax   \n",
      "0      1.000000e-08                  softmax   \n",
      "0      1.000000e-08                  softmax   \n",
